


































                                 1
00000000000000000000000000000000000000000000
00000000000000000000000000000000000000000000000
0000000000000000000000000000000000000000000000000
000000000000000000000000000000000000000000000000000
00000000000000000000000000000000000000000000000000000
00009 0000000000000000000000000000000000000000000000000

1                                                                                                          10000000000000000000000
000000000000000000000000000000000000000000000000000000000000000000000000000000000000000000               0000000000000000
000000000000000000000000000000000000000000000000000000000000000000000000000000000000000000000    1     0000000000000000001                       5
000000000000000000000000000000000000000000000000000000000000000000000000000000000000000000000000000000000000000000000000000000000000000000000000000000
