


1                                              1
1                                              1
1                                              1
1                                              1
1                                              1
1                                              1
1                                              1
1                                              1
1                                              1
1                                              1
1                                              1
1                                              1
1                                              
1                                              
100000                                         
0000000000000000000      1111  22222       9          0000000000000000000000000001
0000000000000000000000  00000000000000000000000000000000000000000000000000000000000


1111111111111111111111111111111111111111111111111111111111111111111111111111111111
